[
    1,
    0,
    0,
    [
        [
            "cc.Skeleton",
            [
                "_name",
                "_hash",
                "_joints",
                "_bindposes"
            ],
            0,
            12
        ]
    ],
    [
        [
            0,
            0,
            1,
            2,
            3,
            4
        ]
    ],
    [
        [
            0,
            "Skin-0",
            2896237845,
            [
                "Hips/Spine/Spine1/Spine2/Neck",
                "Hips/Spine/Spine1/Spine2/Neck/Head",
                "Hips",
                "Hips/Spine",
                "Hips/Spine/Spine1",
                "Hips/RightUpLeg",
                "Hips/LeftUpLeg",
                "Hips/LeftUpLeg/LeftLeg",
                "Hips/LeftUpLeg/LeftLeg/LeftFoot",
                "Hips/RightUpLeg/RightLeg",
                "Hips/RightUpLeg/RightLeg/RightFoot",
                "Hips/RightUpLeg/RightLeg/RightFoot/RightToeBase",
                "Hips/LeftUpLeg/LeftLeg/LeftFoot/LeftToeBase",
                "Hips/Spine/Spine1/Spine2",
                "Hips/Spine/Spine1/Spine2/RightShoulder",
                "Hips/Spine/Spine1/Spine2/RightShoulder/RightArm",
                "Hips/Spine/Spine1/Spine2/LeftShoulder",
                "Hips/Spine/Spine1/Spine2/LeftShoulder/LeftArm",
                "Hips/Spine/Spine1/Spine2/LeftShoulder/LeftArm/LeftForeArm",
                "Hips/Spine/Spine1/Spine2/RightShoulder/RightArm/RightForeArm",
                "Hips/Spine/Spine1/Spine2/LeftShoulder/LeftArm/LeftForeArm/LeftHand",
                "Hips/Spine/Spine1/Spine2/RightShoulder/RightArm/RightForeArm/RightHand",
                "Hips/Spine/Spine1/Spine2/RightShoulder/RightArm/RightForeArm/RightHand/RightHandPinky1",
                "Hips/Spine/Spine1/Spine2/RightShoulder/RightArm/RightForeArm/RightHand/RightHandIndex1",
                "Hips/Spine/Spine1/Spine2/RightShoulder/RightArm/RightForeArm/RightHand/RightHandIndex1/RightHandIndex2",
                "Hips/Spine/Spine1/Spine2/RightShoulder/RightArm/RightForeArm/RightHand/RightHandIndex1/RightHandIndex2/RightHandIndex3",
                "Hips/Spine/Spine1/Spine2/RightShoulder/RightArm/RightForeArm/RightHand/RightHandMiddle1",
                "Hips/Spine/Spine1/Spine2/RightShoulder/RightArm/RightForeArm/RightHand/RightHandMiddle1/RightHandMiddle2",
                "Hips/Spine/Spine1/Spine2/RightShoulder/RightArm/RightForeArm/RightHand/RightHandMiddle1/RightHandMiddle2/RightHandMiddle3",
                "Hips/Spine/Spine1/Spine2/RightShoulder/RightArm/RightForeArm/RightHand/RightHandRing1",
                "Hips/Spine/Spine1/Spine2/RightShoulder/RightArm/RightForeArm/RightHand/RightHandRing1/RightHandRing2",
                "Hips/Spine/Spine1/Spine2/RightShoulder/RightArm/RightForeArm/RightHand/RightHandRing1/RightHandRing2/RightHandRing3",
                "Hips/Spine/Spine1/Spine2/RightShoulder/RightArm/RightForeArm/RightHand/RightHandPinky1/RightHandPinky2",
                "Hips/Spine/Spine1/Spine2/RightShoulder/RightArm/RightForeArm/RightHand/RightHandPinky1/RightHandPinky2/RightHandPinky3",
                "Hips/Spine/Spine1/Spine2/RightShoulder/RightArm/RightForeArm/RightHand/RightHandThumb1",
                "Hips/Spine/Spine1/Spine2/RightShoulder/RightArm/RightForeArm/RightHand/RightHandThumb1/RightHandThumb2",
                "Hips/Spine/Spine1/Spine2/RightShoulder/RightArm/RightForeArm/RightHand/RightHandThumb1/RightHandThumb2/RightHandThumb3",
                "Hips/Spine/Spine1/Spine2/LeftShoulder/LeftArm/LeftForeArm/LeftHand/LeftHandThumb1",
                "Hips/Spine/Spine1/Spine2/LeftShoulder/LeftArm/LeftForeArm/LeftHand/LeftHandIndex1",
                "Hips/Spine/Spine1/Spine2/LeftShoulder/LeftArm/LeftForeArm/LeftHand/LeftHandIndex1/LeftHandIndex2",
                "Hips/Spine/Spine1/Spine2/LeftShoulder/LeftArm/LeftForeArm/LeftHand/LeftHandIndex1/LeftHandIndex2/LeftHandIndex3",
                "Hips/Spine/Spine1/Spine2/LeftShoulder/LeftArm/LeftForeArm/LeftHand/LeftHandMiddle1/LeftHandMiddle2",
                "Hips/Spine/Spine1/Spine2/LeftShoulder/LeftArm/LeftForeArm/LeftHand/LeftHandMiddle1/LeftHandMiddle2/LeftHandMiddle3",
                "Hips/Spine/Spine1/Spine2/LeftShoulder/LeftArm/LeftForeArm/LeftHand/LeftHandMiddle1",
                "Hips/Spine/Spine1/Spine2/LeftShoulder/LeftArm/LeftForeArm/LeftHand/LeftHandRing1",
                "Hips/Spine/Spine1/Spine2/LeftShoulder/LeftArm/LeftForeArm/LeftHand/LeftHandRing1/LeftHandRing2",
                "Hips/Spine/Spine1/Spine2/LeftShoulder/LeftArm/LeftForeArm/LeftHand/LeftHandRing1/LeftHandRing2/LeftHandRing3",
                "Hips/Spine/Spine1/Spine2/LeftShoulder/LeftArm/LeftForeArm/LeftHand/LeftHandPinky1",
                "Hips/Spine/Spine1/Spine2/LeftShoulder/LeftArm/LeftForeArm/LeftHand/LeftHandPinky1/LeftHandPinky2",
                "Hips/Spine/Spine1/Spine2/LeftShoulder/LeftArm/LeftForeArm/LeftHand/LeftHandPinky1/LeftHandPinky2/LeftHandPinky3",
                "Hips/Spine/Spine1/Spine2/LeftShoulder/LeftArm/LeftForeArm/LeftHand/LeftHandThumb1/LeftHandThumb2",
                "Hips/Spine/Spine1/Spine2/LeftShoulder/LeftArm/LeftForeArm/LeftHand/LeftHandThumb1/LeftHandThumb2/LeftHandThumb3"
            ],
            [
                [
                    [
                        7,
                        1,
                        0,
                        0,
                        0,
                        0,
                        1,
                        0,
                        0,
                        0,
                        0,
                        1,
                        0,
                        0,
                        -1.573155164718628,
                        0.03614803031086922,
                        1
                    ],
                    [
                        7,
                        1,
                        0,
                        0,
                        0,
                        0,
                        1,
                        0,
                        0,
                        0,
                        0,
                        1,
                        0,
                        0,
                        -1.6830161809921265,
                        0.022074420005083084,
                        1
                    ],
                    [
                        7,
                        1,
                        0,
                        0,
                        0,
                        0,
                        1,
                        0,
                        0,
                        0,
                        0,
                        1,
                        0,
                        0,
                        -1.1061124801635742,
                        0.01401522010564804,
                        1
                    ],
                    [
                        7,
                        1,
                        0,
                        0,
                        0,
                        0,
                        0.9988790154457092,
                        0.04733619838953018,
                        0,
                        0,
                        -0.04733619838953018,
                        0.9988790154457092,
                        0,
                        0,
                        -1.199049472808838,
                        -0.03835967928171158,
                        1
                    ],
                    [
                        7,
                        1,
                        0,
                        0,
                        0,
                        0,
                        0.9988790154457092,
                        0.04733610153198242,
                        0,
                        0,
                        -0.04733610153198242,
                        0.9988790154457092,
                        0,
                        0,
                        -1.3081482648849487,
                        -0.03835956007242203,
                        1
                    ],
                    [
                        7,
                        -0.9999319911003113,
                        -0.011684199795126915,
                        -6.613701014797357e-13,
                        0,
                        0.01166537869721651,
                        -0.9983199834823608,
                        -0.05674780160188675,
                        0,
                        0.0006630527786910534,
                        -0.05674387887120247,
                        0.9983890056610107,
                        0,
                        -0.09920807927846909,
                        1.0507270097732544,
                        0.07203902304172516,
                        1
                    ],
                    [
                        7,
                        -0.9999319911003113,
                        0.01168730016797781,
                        1.2171128905072437e-12,
                        0,
                        -0.011671493761241436,
                        -0.9985799789428711,
                        -0.05198710039258003,
                        0,
                        -0.0006075886194594204,
                        -0.051983561366796494,
                        0.9986479878425598,
                        0,
                        0.09921335428953171,
                        1.0509039163589478,
                        0.06998685002326965,
                        1
                    ],
                    [
                        7,
                        -0.9999790191650391,
                        -0.006388769950717688,
                        0.00047530498704873025,
                        0,
                        0.006397760473191738,
                        -0.9997320175170898,
                        0.0222461000084877,
                        0,
                        0.0003330523904878646,
                        0.02224869281053543,
                        0.9997519850730896,
                        0,
                        0.0895884782075882,
                        0.5365022420883179,
                        0.030266189947724342,
                        1
                    ],
                    [
                        7,
                        -0.9975699782371521,
                        0.05010150000452995,
                        0.0484234020113945,
                        0,
                        0.007915639318525791,
                        -0.6089760065078735,
                        0.7931489944458008,
                        0,
                        0.06922668218612671,
                        0.7916049957275391,
                        0.6070989966392517,
                        0,
                        0.0914611890912056,
                        0.07523129135370255,
                        -0.05532648041844368,
                        1
                    ],
                    [
                        7,
                        -0.9999790191650391,
                        0.006388709880411625,
                        -0.0005088630132377148,
                        0,
                        -0.006398611702024937,
                        -0.9997220039367676,
                        0.022700700908899307,
                        0,
                        -0.0003636931942310184,
                        0.022703498601913452,
                        0.9997419714927673,
                        0,
                        -0.08958914130926132,
                        0.5365049242973328,
                        0.029534349218010902,
                        1
                    ],
                    [
                        7,
                        -0.9974499940872192,
                        -0.05084110051393509,
                        -0.0500946007668972,
                        0,
                        -0.007984909228980541,
                        -0.6179659962654114,
                        0.7861649990081787,
                        0,
                        -0.07092619687318802,
                        0.784559965133667,
                        0.6159839630126953,
                        0,
                        -0.0914502814412117,
                        0.07519692927598953,
                        -0.0549926720559597,
                        1
                    ],
                    [
                        7,
                        -0.998062014579773,
                        -0.062169600278139114,
                        0.002706990111619234,
                        0,
                        0.003213378833606839,
                        -0.008046709932386875,
                        0.9999619722366333,
                        0,
                        -0.062145497649908066,
                        0.9980329871177673,
                        0.008230887353420258,
                        0,
                        -0.09222427755594254,
                        -0.083943210542202,
                        -0.002961499849334359,
                        1
                    ],
                    [
                        7,
                        -0.9980970025062561,
                        0.06164480000734329,
                        -0.0015060898149386048,
                        0,
                        -0.002001717919483781,
                        -0.007979090325534344,
                        0.999966025352478,
                        0,
                        0.06163071095943451,
                        0.9980660080909729,
                        0.008087302558124065,
                        0,
                        0.09214577823877335,
                        -0.08582153916358948,
                        -0.003082720097154379,
                        1
                    ],
                    [
                        7,
                        1,
                        0,
                        0,
                        0,
                        0,
                        0.9988790154457092,
                        0.04733610153198242,
                        0,
                        0,
                        -0.04733610153198242,
                        0.9988790154457092,
                        0,
                        0,
                        -1.4328328371047974,
                        -0.03835956007242203,
                        1
                    ],
                    [
                        7,
                        -0.014014576561748981,
                        -0.9175400137901306,
                        0.3973955512046814,
                        0,
                        0.04745190963149071,
                        -0.39759695529937744,
                        -0.9163321852684021,
                        0,
                        0.9987750053405762,
                        0.006015168037265539,
                        0.049111202359199524,
                        0,
                        -0.03852856159210205,
                        0.5786152482032776,
                        1.4431145191192627,
                        1
                    ],
                    [
                        7,
                        -0.04768703505396843,
                        -0.7721388339996338,
                        0.6336619853973389,
                        0,
                        0.032824523746967316,
                        -0.6352521777153015,
                        -0.7716070413589478,
                        0,
                        0.9983230233192444,
                        -0.015995986759662628,
                        0.055638398975133896,
                        0,
                        -0.0206291601061821,
                        0.8653373122215271,
                        1.2537537813186646,
                        1
                    ],
                    [
                        7,
                        -0.02706059254705906,
                        0.9175414443016052,
                        -0.396719366312027,
                        0,
                        -0.047341566532850266,
                        -0.3975960314273834,
                        -0.9163382649421692,
                        0,
                        -0.9985119700431824,
                        -0.00601534778252244,
                        0.05419699475169182,
                        0,
                        0.03837829455733299,
                        0.5781785249710083,
                        1.4433066844940186,
                        1
                    ],
                    [
                        7,
                        -0.03830832242965698,
                        0.7722349762916565,
                        -0.6341812014579773,
                        0,
                        -0.04246310517191887,
                        -0.6353319883346558,
                        -0.7710708379745483,
                        0,
                        -0.9983630180358887,
                        -0.002609130460768938,
                        0.05713000148534775,
                        0,
                        0.032410878688097,
                        0.865912675857544,
                        1.2531540393829346,
                        1
                    ],
                    [
                        7,
                        -0.036631278693675995,
                        0.7303890585899353,
                        -0.6820487380027771,
                        0,
                        -0.043842606246471405,
                        -0.683023989200592,
                        -0.7290792465209961,
                        0,
                        -0.9983670115470886,
                        0.0031956869643181562,
                        0.0570422001183033,
                        0,
                        0.033847205340862274,
                        0.7398471236228943,
                        1.2085177898406982,
                        1
                    ],
                    [
                        7,
                        -0.03396880626678467,
                        -0.730381965637207,
                        0.682193398475647,
                        0,
                        0.044099360704422,
                        -0.6830180287361145,
                        -0.7290686368942261,
                        0,
                        0.9984490275382996,
                        0.005318704526871443,
                        0.05541069805622101,
                        0,
                        -0.0323612354695797,
                        0.7399256825447083,
                        1.208543300628662,
                        1
                    ],
                    [
                        7,
                        -0.012811028398573399,
                        0.7249218821525574,
                        -0.6887123584747314,
                        0,
                        -0.004173753783106804,
                        -0.6888021230697632,
                        -0.7249376773834229,
                        0,
                        -0.999908983707428,
                        -0.006412687711417675,
                        0.01184990257024765,
                        0,
                        -0.02481510117650032,
                        0.41463756561279297,
                        1.205596923828125,
                        1
                    ],
                    [
                        7,
                        -0.026163505390286446,
                        -0.7250521779060364,
                        0.6881966590881348,
                        0,
                        0.017198670655488968,
                        -0.6886568069458008,
                        -0.7248833775520325,
                        0,
                        0.9995099902153015,
                        -0.007129418198019266,
                        0.030487606301903725,
                        0,
                        0.003000890836119652,
                        0.41437193751335144,
                        1.2059509754180908,
                        1
                    ],
                    [
                        7,
                        -0.14401990175247192,
                        -0.7882839441299438,
                        0.5982197523117065,
                        0,
                        -0.09530464559793472,
                        -0.5906630158424377,
                        -0.8012704253196716,
                        0,
                        0.9849750399589539,
                        -0.1724119931459427,
                        0.009940103627741337,
                        0,
                        0.08217883855104446,
                        0.17458294332027435,
                        1.2325468063354492,
                        1
                    ],
                    [
                        7,
                        0.05273512378334999,
                        -0.7009443640708923,
                        0.7112640142440796,
                        0,
                        0.09188835322856903,
                        -0.7058276534080505,
                        -0.702398955821991,
                        0,
                        0.9943720102310181,
                        0.10239802300930023,
                        0.027186697348952293,
                        0,
                        -0.0596681572496891,
                        0.3610718250274658,
                        1.193835735321045,
                        1
                    ],
                    [
                        7,
                        0.05273466929793358,
                        -0.7152950167655945,
                        0.696830153465271,
                        0,
                        0.0918879359960556,
                        -0.6913649439811707,
                        -0.7166388630867004,
                        0,
                        0.9943720102310181,
                        0.10182199627161026,
                        0.02926808036863804,
                        0,
                        -0.05963226035237312,
                        0.3062860369682312,
                        1.200327754020691,
                        1
                    ],
                    [
                        7,
                        0.05273494869470596,
                        -0.7424171566963196,
                        0.6678586006164551,
                        0,
                        0.09188822656869888,
                        -0.6623438000679016,
                        -0.7435433268547058,
                        0,
                        0.9943720102310181,
                        0.10057899355888367,
                        0.03329075127840042,
                        0,
                        -0.05962581932544708,
                        0.22977696359157562,
                        1.2104133367538452,
                        1
                    ],
                    [
                        7,
                        -0.02286633849143982,
                        -0.7721241116523743,
                        0.6350597143173218,
                        0,
                        0.0203297957777977,
                        -0.6354540586471558,
                        -0.7718704342842102,
                        0,
                        0.9995319843292236,
                        -0.004739218391478062,
                        0.030227605253458023,
                        0,
                        -0.007536177523434162,
                        0.24085354804992676,
                        1.2266188859939575,
                        1
                    ],
                    [
                        7,
                        -0.022866306826472282,
                        -0.6994823813438416,
                        0.714284360408783,
                        0,
                        0.020329782739281654,
                        -0.7146486043930054,
                        -0.6991885900497437,
                        0,
                        0.9995319843292236,
                        -0.0014666136121377349,
                        0.030561700463294983,
                        0,
                        -0.0076133753173053265,
                        0.33823931217193604,
                        1.197225570678711,
                        1
                    ],
                    [
                        7,
                        -0.022866349667310715,
                        -0.7377004623413086,
                        0.6747409105300903,
                        0,
                        0.020329739898443222,
                        -0.6751206517219543,
                        -0.737427294254303,
                        0,
                        0.9995319843292236,
                        -0.0031449615489691496,
                        0.030434807762503624,
                        0,
                        -0.00753574725240469,
                        0.23920582234859467,
                        1.2122130393981934,
                        1
                    ],
                    [
                        7,
                        -0.06015478074550629,
                        -0.7639786005020142,
                        0.6424316167831421,
                        0,
                        -0.015132819302380085,
                        -0.6428254246711731,
                        -0.765863299369812,
                        0,
                        0.9980739951133728,
                        -0.0557921826839447,
                        0.02710787206888199,
                        0,
                        0.028892891481518745,
                        0.25082114338874817,
                        1.2243679761886597,
                        1
                    ],
                    [
                        7,
                        -0.06015479937195778,
                        -0.7059763669967651,
                        0.705675482749939,
                        0,
                        -0.015132863074541092,
                        -0.7062296271324158,
                        -0.707820475101471,
                        0,
                        0.9980739951133728,
                        -0.053257714956998825,
                        0.03179966285824776,
                        0,
                        0.028860632330179214,
                        0.32536453008651733,
                        1.2008601427078247,
                        1
                    ],
                    [
                        7,
                        -0.060154709964990616,
                        -0.7713608741760254,
                        0.6335484981536865,
                        0,
                        -0.01513290498405695,
                        -0.6339201331138611,
                        -0.77325040102005,
                        0,
                        0.9980739951133728,
                        -0.05610209330916405,
                        0.02646036446094513,
                        0,
                        0.028935158625245094,
                        0.17810554802417755,
                        1.2240310907363892,
                        1
                    ],
                    [
                        7,
                        -0.14401955902576447,
                        -0.7315220832824707,
                        0.6664338707923889,
                        0,
                        -0.09530460089445114,
                        -0.660071074962616,
                        -0.7451332211494446,
                        0,
                        0.9849750399589539,
                        -0.1708279699087143,
                        0.025345707312226295,
                        0,
                        0.08209844678640366,
                        0.256730854511261,
                        1.2144306898117065,
                        1
                    ],
                    [
                        7,
                        -0.14402030408382416,
                        -0.6859686374664307,
                        0.7132357954978943,
                        0,
                        -0.09530532360076904,
                        -0.7077843546867371,
                        -0.6999701857566833,
                        0,
                        0.9849749803543091,
                        -0.16878503561019897,
                        0.0365588515996933,
                        0,
                        0.08211212605237961,
                        0.31431007385253906,
                        1.196303129196167,
                        1
                    ],
                    [
                        7,
                        0.36835038661956787,
                        -0.25488996505737305,
                        0.8940631151199341,
                        0,
                        0.38529449701309204,
                        -0.8333530426025391,
                        -0.39632168412208557,
                        0,
                        0.8460885882377625,
                        0.490462988615036,
                        -0.2087581902742386,
                        0,
                        -0.22384987771511078,
                        0.8099544644355774,
                        0.9251703023910522,
                        1
                    ],
                    [
                        7,
                        0.3683496415615082,
                        -0.3315586447715759,
                        0.8685548305511475,
                        0,
                        0.3852939307689667,
                        -0.7957931756973267,
                        -0.467184454202652,
                        0,
                        0.8460891842842102,
                        0.5067359209060669,
                        -0.16538271307945251,
                        0,
                        -0.22645887732505798,
                        0.6951496601104736,
                        0.9892673492431641,
                        1
                    ],
                    [
                        7,
                        0.3683495819568634,
                        -0.36704331636428833,
                        0.8541643023490906,
                        0,
                        0.3852943181991577,
                        -0.7758803963661194,
                        -0.49955734610557556,
                        0,
                        0.8460890054702759,
                        0.5131168961524963,
                        -0.14437542855739594,
                        0,
                        -0.22413668036460876,
                        0.6220360994338989,
                        1.0157424211502075,
                        1
                    ],
                    [
                        7,
                        0.3845803737640381,
                        0.2610807418823242,
                        -0.8854004144668579,
                        0,
                        -0.37912267446517944,
                        -0.8298645615577698,
                        -0.4093787670135498,
                        0,
                        -0.8416439890861511,
                        0.4931146800518036,
                        -0.22016772627830505,
                        0,
                        0.20819169282913208,
                        0.8026248216629028,
                        0.935387134552002,
                        1
                    ],
                    [
                        7,
                        0.0472232922911644,
                        0.7191401720046997,
                        -0.69325852394104,
                        0,
                        -0.06116075813770294,
                        -0.6906487941741943,
                        -0.7205994725227356,
                        0,
                        -0.9970099925994873,
                        0.07642930001020432,
                        0.011368450708687305,
                        0,
                        0.030139198526740074,
                        0.3326621353626251,
                        1.2023869752883911,
                        1
                    ],
                    [
                        7,
                        0.04722316563129425,
                        0.7042087316513062,
                        -0.708420991897583,
                        0,
                        -0.06116080284118652,
                        -0.7058432698249817,
                        -0.705722987651825,
                        0,
                        -0.9970099925994873,
                        0.0766541063785553,
                        0.009737817570567131,
                        0,
                        0.030132286250591278,
                        0.32755038142204285,
                        1.1956806182861328,
                        1
                    ],
                    [
                        7,
                        0.04722321406006813,
                        0.7547609806060791,
                        -0.6542978286743164,
                        0,
                        -0.061160825192928314,
                        -0.6516140103340149,
                        -0.7560811042785645,
                        0,
                        -0.9970099925994873,
                        0.07572189718484879,
                        0.015390515327453613,
                        0,
                        0.03011106699705124,
                        0.21006248891353607,
                        1.214582920074463,
                        1
                    ],
                    [
                        7,
                        0.01581471972167492,
                        0.6938061118125916,
                        -0.7199883460998535,
                        0,
                        -0.031360525637865067,
                        -0.7193799614906311,
                        -0.69390869140625,
                        0,
                        -0.9993829727172852,
                        0.03355318307876587,
                        0.010381331667304039,
                        0,
                        -0.003777293488383293,
                        0.3501197099685669,
                        1.1943180561065674,
                        1
                    ],
                    [
                        7,
                        0.015814701095223427,
                        0.7131258845329285,
                        -0.7008580565452576,
                        0,
                        -0.03136051446199417,
                        -0.7002471089363098,
                        -0.7132118940353394,
                        0,
                        -0.9993829727172852,
                        0.033258501440286636,
                        0.011289795860648155,
                        0,
                        -0.003821117337793112,
                        0.2845875024795532,
                        1.2025004625320435,
                        1
                    ],
                    [
                        7,
                        0.015814796090126038,
                        0.7841596007347107,
                        -0.6203583478927612,
                        0,
                        -0.03136054053902626,
                        -0.6197414994239807,
                        -0.7841797471046448,
                        0,
                        -0.9993829727172852,
                        0.03185641020536423,
                        0.01479058712720871,
                        0,
                        -0.0038410318084061146,
                        0.21912170946598053,
                        1.2305028438568115,
                        1
                    ],
                    [
                        7,
                        -0.069163978099823,
                        0.7341669797897339,
                        -0.6754369735717773,
                        0,
                        0.04942109063267708,
                        -0.6737050414085388,
                        -0.7373459935188293,
                        0,
                        -0.9963800311088562,
                        -0.08437860012054443,
                        0.010312800295650959,
                        0,
                        -0.06040322408080101,
                        0.3014325201511383,
                        1.2123703956604004,
                        1
                    ],
                    [
                        7,
                        -0.06916391104459763,
                        0.7189053297042847,
                        -0.6916584968566895,
                        0,
                        0.04942105710506439,
                        -0.6899986267089844,
                        -0.7221214771270752,
                        0,
                        -0.9963800311088562,
                        -0.08412730693817139,
                        0.012193943373858929,
                        0,
                        -0.06039365753531456,
                        0.300612211227417,
                        1.2059599161148071,
                        1
                    ],
                    [
                        7,
                        -0.06916392594575882,
                        0.7199628949165344,
                        -0.6905571818351746,
                        0,
                        0.04942113533616066,
                        -0.688892126083374,
                        -0.7231767773628235,
                        0,
                        -0.9963799715042114,
                        -0.08414589613676071,
                        0.012065107002854347,
                        0,
                        -0.06039914861321449,
                        0.2696681618690491,
                        1.2063744068145752,
                        1
                    ],
                    [
                        7,
                        -0.13541854918003082,
                        0.7716378569602966,
                        -0.6214793920516968,
                        0,
                        0.11256112158298492,
                        -0.6112148761749268,
                        -0.7834194898605347,
                        0,
                        -0.984373927116394,
                        -0.17604398727416992,
                        -0.004086593631654978,
                        0,
                        -0.10612405836582184,
                        0.20925305783748627,
                        1.2269964218139648,
                        1
                    ],
                    [
                        7,
                        -0.1354188174009323,
                        0.7128143310546875,
                        -0.688154935836792,
                        0,
                        0.11256173253059387,
                        -0.6789876222610474,
                        -0.7254690527915955,
                        0,
                        -0.9843740463256836,
                        -0.17570200562477112,
                        0.011712081730365753,
                        0,
                        -0.1060992032289505,
                        0.2907068729400635,
                        1.2057901620864868,
                        1
                    ],
                    [
                        7,
                        -0.13541868329048157,
                        0.7449250817298889,
                        -0.6532601118087769,
                        0,
                        0.11256143450737,
                        -0.6434982419013977,
