[
    1,
    0,
    0,
    [
        [
            "cc.Skeleton",
            [
                "_name",
                "_hash",
                "_joints",
                "_bindposes"
            ],
            0,
            12
        ]
    ],
    [
        [
            0,
            0,
            1,
            2,
            3,
            4
        ]
    ],
    [
        [
            0,
            "Skin-0",
            2881508297,
            [
                "Hips/Spine/Spine1/Spine2/Neck",
                "Hips/Spine/Spine1/Spine2/Neck/Head",
                "Hips/Spine/Spine1/Spine2",
                "Hips/Spine/Spine1/Spine2/LeftShoulder",
                "Hips/Spine/Spine1/Spine2/LeftShoulder/LeftArm",
                "Hips/Spine/Spine1/Spine2/RightShoulder",
                "Hips/Spine/Spine1/Spine2/RightShoulder/RightArm",
                "Hips/Spine/Spine1",
                "Hips/Spine/Spine1/Spine2/LeftShoulder/LeftArm/LeftForeArm",
                "Hips/Spine/Spine1/Spine2/LeftShoulder/LeftArm/LeftForeArm/LeftHand",
                "Hips/LeftUpLeg",
                "Hips",
                "Hips/RightUpLeg",
                "Hips/LeftUpLeg/LeftLeg",
                "Hips/LeftUpLeg/LeftLeg/LeftFoot",
                "Hips/LeftUpLeg/LeftLeg/LeftFoot/LeftToeBase",
                "Hips/Spine",
                "Hips/Spine/Spine1/Spine2/RightShoulder/RightArm/RightForeArm",
                "Hips/Spine/Spine1/Spine2/RightShoulder/RightArm/RightForeArm/RightHand",
                "Hips/RightUpLeg/RightLeg",
                "Hips/RightUpLeg/RightLeg/RightFoot",
                "Hips/RightUpLeg/RightLeg/RightFoot/RightToeBase",
                "Hips/Spine/Spine1/Spine2/LeftShoulder/LeftArm/LeftForeArm/LeftHand/LeftHandRing1",
                "Hips/Spine/Spine1/Spine2/LeftShoulder/LeftArm/LeftForeArm/LeftHand/LeftHandThumb1",
                "Hips/Spine/Spine1/Spine2/LeftShoulder/LeftArm/LeftForeArm/LeftHand/LeftHandMiddle1",
                "Hips/Spine/Spine1/Spine2/LeftShoulder/LeftArm/LeftForeArm/LeftHand/LeftHandPinky1",
                "Hips/Spine/Spine1/Spine2/LeftShoulder/LeftArm/LeftForeArm/LeftHand/LeftHandIndex1",
                "Hips/Spine/Spine1/Spine2/LeftShoulder/LeftArm/LeftForeArm/LeftHand/LeftHandThumb1/LeftHandThumb2",
                "Hips/Spine/Spine1/Spine2/LeftShoulder/LeftArm/LeftForeArm/LeftHand/LeftHandThumb1/LeftHandThumb2/LeftHandThumb3",
                "Hips/Spine/Spine1/Spine2/LeftShoulder/LeftArm/LeftForeArm/LeftHand/LeftHandPinky1/LeftHandPinky2",
                "Hips/Spine/Spine1/Spine2/LeftShoulder/LeftArm/LeftForeArm/LeftHand/LeftHandIndex1/LeftHandIndex2",
                "Hips/Spine/Spine1/Spine2/LeftShoulder/LeftArm/LeftForeArm/LeftHand/LeftHandMiddle1/LeftHandMiddle2",
                "Hips/Spine/Spine1/Spine2/LeftShoulder/LeftArm/LeftForeArm/LeftHand/LeftHandRing1/LeftHandRing2",
                "Hips/Spine/Spine1/Spine2/LeftShoulder/LeftArm/LeftForeArm/LeftHand/LeftHandIndex1/LeftHandIndex2/LeftHandIndex3",
                "Hips/Spine/Spine1/Spine2/LeftShoulder/LeftArm/LeftForeArm/LeftHand/LeftHandMiddle1/LeftHandMiddle2/LeftHandMiddle3",
                "Hips/Spine/Spine1/Spine2/LeftShoulder/LeftArm/LeftForeArm/LeftHand/LeftHandRing1/LeftHandRing2/LeftHandRing3",
                "Hips/Spine/Spine1/Spine2/LeftShoulder/LeftArm/LeftForeArm/LeftHand/LeftHandPinky1/LeftHandPinky2/LeftHandPinky3",
                "Hips/Spine/Spine1/Spine2/RightShoulder/RightArm/RightForeArm/RightHand/RightHandMiddle1",
                "Hips/Spine/Spine1/Spine2/RightShoulder/RightArm/RightForeArm/RightHand/RightHandRing1",
                "Hips/Spine/Spine1/Spine2/RightShoulder/RightArm/RightForeArm/RightHand/RightHandThumb1",
                "Hips/Spine/Spine1/Spine2/RightShoulder/RightArm/RightForeArm/RightHand/RightHandThumb1/RightHandThumb2",
                "Hips/Spine/Spine1/Spine2/RightShoulder/RightArm/RightForeArm/RightHand/RightHandPinky1",
                "Hips/Spine/Spine1/Spine2/RightShoulder/RightArm/RightForeArm/RightHand/RightHandIndex1",
                "Hips/Spine/Spine1/Spine2/RightShoulder/RightArm/RightForeArm/RightHand/RightHandThumb1/RightHandThumb2/RightHandThumb3",
                "Hips/Spine/Spine1/Spine2/RightShoulder/RightArm/RightForeArm/RightHand/RightHandPinky1/RightHandPinky2",
                "Hips/Spine/Spine1/Spine2/RightShoulder/RightArm/RightForeArm/RightHand/RightHandIndex1/RightHandIndex2",
                "Hips/Spine/Spine1/Spine2/RightShoulder/RightArm/RightForeArm/RightHand/RightHandRing1/RightHandRing2",
                "Hips/Spine/Spine1/Spine2/RightShoulder/RightArm/RightForeArm/RightHand/RightHandIndex1/RightHandIndex2/RightHandIndex3",
                "Hips/Spine/Spine1/Spine2/RightShoulder/RightArm/RightForeArm/RightHand/RightHandMiddle1/RightHandMiddle2",
                "Hips/Spine/Spine1/Spine2/RightShoulder/RightArm/RightForeArm/RightHand/RightHandMiddle1/RightHandMiddle2/RightHandMiddle3",
                "Hips/Spine/Spine1/Spine2/RightShoulder/RightArm/RightForeArm/RightHand/RightHandRing1/RightHandRing2/RightHandRing3",
                "Hips/Spine/Spine1/Spine2/RightShoulder/RightArm/RightForeArm/RightHand/RightHandPinky1/RightHandPinky2/RightHandPinky3"
            ],
            [
                [
                    [
                        7,
                        1,
                        0,
                        0,
                        0,
                        0,
                        1,
                        0,
                        0,
                        0,
                        0,
                        1,
                        0,
                        -1.525880009012326e-7,
                        -1.6293865442276,
                        0.014676939696073532,
                        1
                    ],
                    [
                        7,
                        1,
                        0,
                        0,
                        0,
                        0,
                        1,
                        0,
                        0,
                        0,
                        0,
                        1,
                        0,
                        -1.525880009012326e-7,
                        -1.7436201572418213,
                        -0.004035329911857843,
                        1
                    ],
                    [
                        7,
                        1,
                        0,
                        0,
                        0,
                        0,
                        0.9961959719657898,
                        0.08714339882135391,
                        0,
                        0,
                        -0.08714339882135391,
                        0.9961959719657898,
                        0,
                        -1.525880009012326e-7,
                        -1.4562631845474243,
                        -0.12736918032169342,
                        1
                    ],
                    [
                        7,
                        -0.03604160621762276,
                        0.9227870106697083,
                        -0.38361987471580505,
                        0,
                        -0.08698974549770355,
                        -0.38530901074409485,
                        -0.9186780452728271,
                        0,
                        -0.9955570101737976,
                        0.0002603637403808534,
                        0.09416019916534424,
                        0,
                        0.1271446794271469,
                        0.5434802770614624,
                        1.498438835144043,
                        1
                    ],
                    [
                        7,
                        -0.06264960020780563,
                        0.8668937683105469,
                        -0.4945402145385742,
                        0,
                        -0.07583695650100708,
                        -0.4982154369354248,
                        -0.8637308478355408,
                        0,
                        -0.9951500296592712,
                        -0.016607951372861862,
                        0.09695570170879364,
                        0,
                        0.11624346673488617,
                        0.5617802739143372,
                        1.440053105354309,
                        1
                    ],
                    [
                        7,
                        -0.03660178929567337,
                        -0.9227870106697083,
                        0.38356706500053406,
                        0,
                        0.08698585629463196,
                        -0.38530901074409485,
                        -0.9186789989471436,
                        0,
                        0.9955369830131531,
                        -0.00026038390933535993,
                        0.09437250345945358,
                        0,
                        -0.12713877856731415,
                        0.543472170829773,
                        1.4984424114227295,
                        1
                    ],
                    [
                        7,
                        -0.0595800057053566,
                        -0.8669390678405762,
                        0.4948410093784332,
                        0,
                        0.07735950499773026,
                        -0.4982408881187439,
                        -0.8635810017585754,
                        0,
                        0.9952210187911987,
                        -0.013171511702239513,
                        0.09675119817256927,
                        0,
                        -0.1177319660782814,
                        0.5618577003479004,
                        1.4399038553237915,
                        1
                    ],
                    [
                        7,
                        1,
                        0,
                        0,
                        0,
                        0,
                        0.9961959719657898,
                        0.08714339882135391,
                        0,
                        0,
                        -0.08714339882135391,
                        0.9961959719657898,
                        0,
                        -1.525880009012326e-7,
                        -1.306748628616333,
                        -0.12736918032169342,
                        1
                    ],
                    [
                        7,
                        -0.04507477954030037,
                        0.8632714748382568,
                        -0.5027247071266174,
                        0,
                        -0.08591462671756744,
                        -0.5047222375869751,
                        -0.8589961528778076,
                        0,
                        -0.995281994342804,
                        0.004472352564334869,
                        0.09691780060529709,
                        0,
                        0.12103588134050369,
                        0.24892657995224,
                        1.4377641677856445,
                        1
                    ],
                    [
                        7,
                        -0.05949692055583,
                        0.8250201344490051,
                        -0.5619619488716125,
                        0,
                        -0.0886235460639,
                        -0.5651018023490906,
                        -0.8202470541000366,
                        0,
                        -0.9942870140075684,
                        0.0010008856188505888,
                        0.10673800110816956,
                        0,
                        0.1352473497390747,
                        0.0745459496974945,
                        1.4348448514938354,
                        1
                    ],
                    [
                        7,
                        -0.9966790080070496,
                        0.08142910152673721,
                        -1.704417440517858e-10,
                        0,
                        -0.08140052855014801,
                        -0.9963290095329285,
                        -0.026493899524211884,
                        0,
                        -0.0021573747508227825,
                        -0.026405910030007362,
                        0.9996489882469177,
                        0,
                        0.1961652636528015,
                        0.996525228023529,
                        0.0011164400493726134,
                        1
                    ],
                    [
                        7,
                        1,
                        0,
                        0,
                        0,
                        0,
                        1,
                        0,
                        0,
                        0,
                        0,
                        1,
                        0,
                        -1.525880009012326e-7,
                        -1.0708400011062622,
                        -0.03418257087469101,
                        1
                    ],
                    [
                        7,
                        -0.9966800212860107,
                        -0.08142200112342834,
                        -9.927487998329099e-11,
                        0,
                        0.08138629049062729,
                        -0.9962419867515564,
                        -0.02962839975953102,
                        0,
                        0.0024124043993651867,
                        -0.02953002043068409,
                        0.9995610117912292,
                        0,
                        -0.19615712761878967,
                        0.9965175986289978,
                        0.004302499815821648,
                        1
                    ],
                    [
                        7,
                        -0.9974510073661804,
                        0.07120680063962936,
                        0.004675350151956081,
                        0,
                        -0.07133512198925018,
                        -0.9932219982147217,
                        -0.09176470339298248,
                        0,
                        -0.0018906110199168324,
                        -0.0918642207980156,
                        0.9957699775695801,
                        0,
                        0.19070018827915192,
                        0.5409116744995117,
                        0.036634448915719986,
                        1
                    ],
                    [
                        7,
                        -0.9962689876556396,
                        -0.007309992332011461,
                        -0.08599329739809036,
                        0,
                        -0.06631698459386826,
                        -0.5728080868721008,
                        0.8170021176338196,
                        0,
                        -0.05522996187210083,
                        0.8196569681167603,
                        0.5701858401298523,
                        0,
                        0.18846389651298523,
                        0.09480984508991241,
                        -0.07236579060554504,
                        1
                    ],
                    [
                        7,
                        -0.9998160004615784,
                        0.0047295899130403996,
                        0.01861410029232502,
                        0,
                        0.018744582310318947,
                        0.02922919951379299,
                        0.9993969798088074,
                        0,
                        0.0041826628148555756,
                        0.9995620250701904,
                        -0.02931245043873787,
                        0,
                        0.17994563281536102,
                        -0.14048567414283752,
                        -0.009592097252607346,
                        1
                    ],
                    [
                        7,
                        1,
                        0,
                        0,
                        0,
                        0,
                        0.9961959719657898,
                        0.08714330196380615,
                        0,
                        0,
                        -0.08714330196380615,
                        0.9961959719657898,
                        0,
                        -1.525880009012326e-7,
                        -1.1759233474731445,
                        -0.12736907601356506,
                        1
                    ],
                    [
                        7,
                        -0.04559609666466713,
                        -0.8632732629776001,
                        0.5026729702949524,
                        0,
                        0.08538170903921127,
                        -0.5047225952148438,
                        -0.8590490221977234,
                        0,
                        0.9953039884567261,
                        0.0037497917655855417,
                        0.09672120213508606,
                        0,
                        -0.12155067920684814,
                        0.24890868365764618,
                        1.4377102851867676,
                        1
                    ],
                    [
                        7,
                        -0.06906098127365112,
                        -0.8248132467269897,
                        0.5611728429794312,
                        0,
                        0.09949961304664612,
                        -0.5654066205024719,
                        -0.8187891244888306,
                        0,
                        0.9926379919052124,
                        -0.0007098990026861429,
                        0.12111599743366241,
                        0,
                        -0.15664440393447876,
                        0.07504503428936005,
                        1.4326305389404297,
                        1
                    ],
                    [
                        7,
                        -0.9974499940872192,
                        -0.07126569747924805,
                        -0.003778829937800765,
                        0,
                        0.07133445888757706,
                        -0.9940450191497803,
                        -0.0823787972331047,
                        0,
                        0.002114454749971628,
                        -0.08243831992149353,
                        0.9965940117835999,
                        0,
                        -0.19069939851760864,
                        0.5411112904548645,
                        0.03300075978040695,
                        1
                    ],
                    [
                        7,
                        -0.9961659908294678,
                        0.007406574673950672,
                        0.08717299997806549,
                        0,
                        0.06672511994838715,
                        -0.5801271200180054,
                        0.8117882013320923,
                        0,
                        0.05658402666449547,
                        0.814491868019104,
                        0.5774087309837341,
                        0,
                        -0.18861056864261627,
                        0.0934586450457573,
                        -0.07283172011375427,
                        1
                    ],
                    [
                        7,
                        -0.9998170137405396,
                        -0.004749170038849115,
                        -0.018531600013375282,
                        0,
                        -0.018663449212908745,
                        0.029410699382424355,
                        0.9993929862976074,
                        0,
                        -0.004201261326670647,
                        0.9995560050010681,
                        -0.02949395217001438,
                        0,
                        -0.17994534969329834,
                        -0.14000949263572693,
                        -0.009570926427841187,
                        1
                    ],
                    [
                        7,
                        -0.07201240956783295,
                        0.8369010090827942,
                        -0.542596161365509,
                        0,
                        -0.08003667742013931,
                        -0.5471029877662659,
                        -0.8332298994064331,
                        0,
                        -0.9941869974136353,
                        -0.016575302928686142,
                        0.10638100653886795,
                        0,
                        0.12109706550836563,
                        -0.07842313498258591,
                        1.4337464570999146,
                        1
                    ],
                    [
                        7,
                        0.4277361333370209,
                        0.4431501626968384,
                        -0.7878199219703674,
                        0,
                        -0.3986169099807739,
                        -0.6897688508033752,
                        -0.6044201254844666,
                        0,
                        -0.8112629652023315,
                        0.5725700259208679,
                        -0.11839189380407333,
                        0,
                        0.15701735019683838,
                        0.47059866786003113,
                        1.334973692893982,
                        1
                    ],
                    [
                        7,
                        -0.07631819695234299,
                        0.8779601454734802,
                        -0.4726105034351349,
                        0,
                        -0.0770745798945427,
                        -0.4777687191963196,
                        -0.8750982880592346,
                        0,
                        -0.994100034236908,
                        -0.030359633266925812,
                        0.10413098335266113,
                        0,
                        0.15042157471179962,
                        -0.19553104043006897,
                        1.4217723608016968,
                        1
                    ],
                    [
                        7,
                        -0.08016398549079895,
                        0.7667660713195801,
                        -0.6369019746780396,
                        0,
                        -0.07442738860845566,
                        -0.6417789459228516,
                        -0.7632700204849243,
                        0,
                        -0.9939990043640137,
                        -0.013783811591565609,
                        0.10851600021123886,
                        0,
                        0.09654531627893448,
                        0.09119852632284164,
                        1.4330881834030151,
                        1
                    ],
                    [
                        7,
                        -0.008289636112749577,
                        0.8578365445137024,
                        -0.5138556361198425,
                        0,
                        -0.12345074862241745,
                        -0.510820746421814,
                        -0.8507766127586365,
                        0,
                        -0.9923160076141357,
                        0.056383296847343445,
                        0.11013495922088623,
                        0,
                        0.1720040887594223,
                        -0.14694763720035553,
                        1.4269592761993408,
                        1
                    ],
                    [
                        7,
                        0.4277361035346985,
                        0.39580821990966797,
                        -0.8126358985900879,
                        0,
                        -0.39861685037612915,
                        -0.7242898344993591,
                        -0.5625911355018616,
                        0,
                        -0.8112630248069763,
                        0.5645710229873657,
                        -0.1520288735628128,
                        0,
                        0.1598566621541977,
                        0.5042549967765808,
                        1.3074536323547363,
                        1
                    ],
                    [
                        7,
                        0.4277360737323761,
                        0.5195698738098145,
                        -0.7396550178527832,
                        0,
                        -0.3986172676086426,
                        -0.6259971261024475,
                        -0.6702479720115662,
                        0,
                        -0.811262845993042,
                        0.5815280079841614,
                        -0.06065202131867409,
                        0,
                        0.1608525961637497,
                        0.24822264909744263,
                        1.364015817642212,
                        1
                    ],
                    [
                        7,
                        -0.08016392588615417,
                        0.793795645236969,
                        -0.6028782725334167,
                        0,
                        -0.07442737370729446,
                        -0.6079034805297852,
                        -0.7905147671699524,
                        0,
                        -0.9939990043640137,
                        -0.018500136211514473,
                        0.10781200975179672,
                        0,
                        0.09658760577440262,
                        -0.0025555333122611046,
                        1.4343397617340088,
                        1
                    ],
                    [
                        7,
                        -0.008289522491395473,
                        0.8187697529792786,
                        -0.5740622878074646,
                        0,
                        -0.12345052510499954,
                        -0.5705283284187317,
                        -0.8119468092918396,
                        0,
                        -0.9923160672187805,
                        0.06413763761520386,
                        0.10580697655677795,
                        0,
                        0.17194850742816925,
                        -0.08023499697446823,
                        1.436414122581482,
                        1
                    ],
                    [
                        7,
                        -0.07631814479827881,
                        0.8340357542037964,
                        -0.5464057326316833,
                        0,
                        -0.07707441598176956,
                        -0.5512983798980713,
                        -0.8307405114173889,
                        0,
                        -0.9940999746322632,
                        -0.021286655217409134,
                        0.10635701566934586,
                        0,
                        0.15036483108997345,
                        -0.1139850988984108,
                        1.4369105100631714,
                        1
                    ],
                    [
                        7,
                        -0.07201232016086578,
                        0.8291700482368469,
                        -0.5543377995491028,
                        0,
                        -0.08003675937652588,
                        -0.5587928891181946,
                        -0.8254351615905762,
                        0,
                        -0.9941869974136353,
                        -0.015074114315211773,
                        0.10660399496555328,
                        0,
                        0.12107832729816437,
                        -0.09754365682601929,
                        1.4352638721466064,
                        1
                    ],
                    [
                        7,
                        -0.008289176970720291,
                        0.8023555278778076,
                        -0.5967882871627808,
                        0,
                        -0.12345025688409805,
                        -0.5930643081665039,
                        -0.7956345081329346,
                        0,
                        -0.992315948009491,
                        0.06707850843667984,
                        0.10396705567836761,
                        0,
                        0.17196409404277802,
                        -0.07365008443593979,
                        1.4390442371368408,
                        1
                    ],
                    [
                        7,
                        -0.0763184204697609,
                        0.8508391976356506,
                        -0.5198540687561035,
                        0,
                        -0.07707490772008896,
                        -0.5248486995697021,
                        -0.8476989269256592,
                        0,
                        -0.9940999746322632,
                        -0.024627335369586945,
                        0.10563400387763977,
                        0,
                        0.15041308104991913,
                        -0.19909924268722534,
                        1.4313477277755737,
                        1
                    ],
                    [
                        7,
                        -0.07201191782951355,
                        0.8165118098258972,
                        -0.5728201866149902,
                        0,
                        -0.08003617078065872,
                        -0.5771902799606323,
                        -0.8126778602600098,
                        0,
                        -0.9941869974136353,
                        -0.01267616543918848,
                        0.10691500455141068,
                        0,
                        0.12107525765895844,
                        -0.10193042457103729,
                        1.4379156827926636,
                        1
                    ],
                    [
                        7,
                        -0.08016366511583328,
                        0.8434152007102966,
                        -0.531247615814209,
                        0,
                        -0.07442713528871536,
                        -0.5365396738052368,
                        -0.840586245059967,
                        0,
                        -0.9939990043640137,
                        -0.027845239266753197,
                        0.10578398406505585,
                        0,
                        0.09659399837255478,
                        -0.15309955179691315,
                        1.4264191389083862,
                        1
                    ],
                    [
                        7,
                        -0.0885673239827156,
                        -0.8787499666213989,
                        0.46899309754371643,
                        0,
                        0.08608780056238174,
                        -0.47583502531051636,
                        -0.8753109574317932,
                        0,
                        0.992343008518219,
                        -0.037149395793676376,
                        0.1177930012345314,
                        0,
                        -0.17130273580551147,
                        -0.2000999003648758,
                        1.4188854694366455,
                        1
                    ],
                    [
                        7,
                        -0.09000437706708908,
                        -0.8340229988098145,
                        0.5443392395973206,
                        0,
                        0.08509562164545059,
                        -0.5509990453720093,
                        -0.8301558494567871,
                        0,
                        0.9922990202903748,
                        -0.028396794572472572,
                        0.12056400626897812,
                        0,
                        -0.1430777907371521,
                        -0.07437194138765335,
                        1.4324384927749634,
                        1
                    ],
                    [
                        7,
                        0.42143967747688293,
                        -0.4610038697719574,
                        0.7809377908706665,
                        0,
                        0.40859684348106384,
                        -0.6722561120986938,
                        -0.6173493266105652,
                        0,
                        0.8095912337303162,
                        0.5792639851570129,
                        -0.09495063871145248,
                        0,
                        -0.17315445840358734,
                        0.4382100999355316,
                        1.3462225198745728,
                        1
                    ],
                    [
                        7,
                        0.4214394986629486,
                        -0.3605031967163086,
                        0.8321211934089661,
                        0,
                        0.40859729051589966,
                        -0.743686854839325,
                        -0.5291296243667603,
                        0,
                        0.8095905780792236,
                        0.5629990696907043,
                        -0.16611826419830322,
                        0,
                        -0.174751415848732,
                        0.5600919723510742,
                        1.2866500616073608,
                        1
                    ],
                    [
                        7,
                        -0.10635825246572495,
                        -0.8150191903114319,
                        0.5695887207984924,
                        0,
                        0.07378222793340683,
                        -0.5777271389961243,
                        -0.812888503074646,
                        0,
                        0.9915869832038879,
                        -0.04443182796239853,
                        0.12158004194498062,
                        0,
                        -0.11904485523700714,
                        -0.02527587115764618,
                        1.431659460067749,
                        1
                    ],
                    [
                        7,
                        -0.03992224484682083,
                        -0.845460057258606,
                        0.5325446724891663,
                        0,
                        0.11938226968050003,
                        -0.5331879258155823,
                        -0.8375312089920044,
                        0,
                        0.992044985294342,
                        0.030140291899442673,
                        0.1222190111875534,
                        0,
                        -0.1953340321779251,
                        -0.11133783310651779,
                        1.4278641939163208,
                        1
                    ],
                    [
                        7,
                        0.42143985629081726,
                        -0.5080776810646057,
                        0.7511627674102783,
                        0,
                        0.40859726071357727,
                        -0.6330872774124146,
                        -0.6574562788009644,
                        0,
                        0.8095909357070923,
                        0.5840010046958923,
                        -0.05920904129743576,
                        0,
                        -0.17792585492134094,
                        0.26970383524894714,
                        1.3599200248718262,
                        1
                    ],
                    [
                        7,
                        -0.10635829716920853,
                        -0.8159165382385254,
                        0.5683026909828186,
                        0,
                        0.07378246635198593,
                        -0.5764446258544922,
                        -0.8137984871864319,
                        0,
                        0.9915869832038879,
                        -0.04462340474128723,
                        0.12151003628969193,
                        0,
                        -0.11904125660657883,
                        -0.057965364307165146,
                        1.4315699338912964,
                        1
                    ],
                    [
                        7,
                        -0.0399227999150753,
                        -0.8163188099861145,
                        0.5762196183204651,
                        0,
                        0.11938300728797913,
                        -0.5764452219009399,
                        -0.8083675503730774,
                        0,
                        0.992044985294342,
                        0.036518536508083344,
                        0.12046796828508377,
                        0,
                        -0.19532783329486847,
                        -0.07215194404125214,
                        1.4336333274841309,
                        1
                    ],
                    [
                        7,
                        -0.09000425785779953,
                        -0.8236896395683289,
                        0.5598521828651428,
                        0,
                        0.08509521186351776,
                        -0.5664375424385071,
                        -0.8196998834609985,
                        0,
                        0.9922990202903748,
                        -0.02613571658730507,
                        0.12107400596141815,
                        0,
                        -0.1430763304233551,
                        -0.08596343547105789,
                        1.4342983961105347,
                        1
                    ],
                    [
                        7,
                        -0.03992272913455963,
                        -0.8098546266555786,
                        0.5852711200714111,
                        0,
                        0.11938300728797913,
                        -0.5854085087776184,
                        -0.8019009232521057,
                        0,
                        0.992044985294342,
                        0.03785737603902817,
                        0.12005399167537689,
                        0,
                        -0.19533078372478485,
                        -0.08927047252655029,
                        1.434715986251831,
                        1
                    ],
                    [
                        7,
                        -0.08856715261936188,
                        -0.8340420722961426,
                        0.5445439219474792,
                        0,
                        0.08608736842870712,
                        -0.551055908203125,
                        -0.8300150632858276,
                        0,
                        0.992343008518219,
                        -0.02663370966911316,
                        0.12060599774122238,
                        0,
                        -0.171282097697258,
                        -0.11660098284482956,
                        1.4347240924835205,
                        1
                    ],
                    [
                        7,
                        -0.0885670930147171,
                        -0.8368653059005737,
                        0.5401971936225891,
